q1=sqrt(3^2+5^2-(2*3*5*cosd(140)))
q2=(10.3+8.1+100.04-8.23)/4
q3=(1/3)*pi*2708^2*2023
q4=acosd((6^2-3^2-4^2)/(-2*3*4))
q5=81.3*5-100-27-51-1
q6=sqrt((3*200)/(pi*45))
q7=sqrt(((2+3+4)/2)*((2+3+4)/2-2)*((2+3+4)/2-3)*((2+3+4)/2-4))